"{"type":"Polygon","coordinates":[[[7541293.961137922,4650909.27998656],[7541822.602195204,4651173.600515202],[7541871.8822937645,4650797.27976256],[7541491.081532163,4650564.3192966385],[7541293.961137922,4650909.27998656]]]}"




7540837.000224,4651218.400604801],
[7541096.840743681,4651487.201142402],
[7541495.561541122,4650949.6000672],
[7540886.28032256,4651155.680479362],
[7540837.000224,4651218.400604801]






7539611.566,4654247.571

7539910.067,4654426.710

7540517.868,4654119.488

7540687.956,4653634.736

7539869.406,4653560.853

___________________________________




7541320.97501,4651727.73577

7541393.66815,4651725.74871

7541397.31109,4651565.2939

7541330.7447,4651563.63802


____________________________________

7541278.34253,4651871.85378

7541347.22601,4651975.17899

7541596.26626,4651808.26904

7541588.31817,4651723.48938

7541506.18787,4651704.94382

7541329.86025,4651776.84923


